0 0.12734375 0.8 0.0765625 0.121875
0 0.33046875 0.88515625 0.109375 0.2140625
0 0.50859375 0.73203125 0.125 0.1484375
0 0.6671875 0.5640625 0.134375 0.16875
0 0.84765625 0.41484375 0.159375 0.159375
0 0.965625 0.23828125 0.06875 0.1328125
0 0.28359375 0.65625 0.0796875 0.1671875
0 0.41484375 0.52109375 0.1 0.14375
0 0.55625 0.39375 0.0984375 0.1234375
0 0.69765625 0.25546875 0.0953125 0.1234375
0 0.840625 0.1296875 0.134375 0.1046875
0 0.2609375 0.44765625 0.0546875 0.053125
0 0.36015625 0.3546875 0.05 0.059375
0 0.46171875 0.26171875 0.0515625 0.0515625
0 0.55546875 0.1734375 0.05 0.0484375
0 0.6671875 0.06875 0.059375 0.05