2 0.28359375 0.39375 0.015625 0.1421875
2 0.30703125 0.38125 0.03125 0.1734375
2 0.20078125 0.371875 0.04375 0.2015625
2 0.6203125 0.25078125 0.1578125 0.40625
2 0.9328125 0.79375 0.0359375 0.05625
2 0.8125 0.74765625 0.0234375 0.059375
2 0.71640625 0.7203125 0.0140625 0.0421875
2 0.6375 0.71015625 0.015625 0.05625
2 0.56875 0.6890625 0.0359375 0.04375
2 0.51015625 0.67265625 0.0203125 0.0515625
2 0.45703125 0.665625 0.01875 0.0515625
2 0.4203125 0.64453125 0.0265625 0.0453125
2 0.38203125 0.6328125 0.0265625 0.0375
2 0.346875 0.63046875 0.0234375 0.0421875
2 0.29609375 0.61484375 0.021875 0.0328125
2 0.2546875 0.60390625 0.01875 0.034375
2 0.234375 0.596875 0.0203125 0.034375
2 0.215625 0.584375 0.01875 0.021875
2 0.2 0.5859375 0.015625 0.0296875
2 0.18671875 0.58046875 0.015625 0.01875
2 0.17265625 0.5734375 0.021875 0.0234375
2 0.1578125 0.57265625 0.0125 0.021875
2 0.14296875 0.56875 0.0171875 0.01875
2 0.13125 0.56640625 0.0140625 0.0171875
2 0.1234375 0.559375 0.015625 0.0203125
