2 0.33984375 0.396875 0.046875 0.128125
2 0.3390625 0.60859375 0.04375 0.1015625
2 0.33828125 0.8046875 0.0453125 0.1234375
2 0.09765625 0.578125 0.096875 0.296875
2 0.5453125 0.42890625 0.03125 0.1078125
2 0.54921875 0.59765625 0.040625 0.1015625
2 0.5484375 0.76484375 0.028125 0.075
2 0.62578125 0.42421875 0.0359375 0.0703125
2 0.703125 0.59296875 0.034375 0.15625
2 0.80703125 0.4421875 0.021875 0.059375
2 0.80703125 0.57734375 0.0265625 0.078125
2 0.80234375 0.69140625 0.021875 0.071875
2 0.92421875 0.45390625 0.0265625 0.0453125
2 0.92578125 0.5609375 0.0265625 0.0640625
2 0.92578125 0.66875 0.021875 0.0578125
2 0.8609375 0.57421875 0.015625 0.1171875
